AP EAMCET 2020 Engineering Stream 
Preliminary Key for Master Question Paper 
Day-1 (17th Sep 2020) Session-2 (AN) 
 
S.No 
Ques ID 
Ans 
S.No 
Ques ID 
Ans 
S.No 
Ques ID 
Ans 
S.No 
Ques ID 
Ans 
1 
813561161 
1 
41 
813561201 
4 
81 
813561241 
4 
121 
813561281 
4 
2 
813561162 
1 
42 
813561202 
1 
82 
813561242 
2 
122 
813561282 
1 
3 
813561163 
4 
43 
813561203 
2 
83 
813561243 
2 
123 
813561283 
3 
4 
813561164 
3 
44 
813561204 
2 
84 
813561244 
2 
124 
813561284 
1 
5 
813561165 
2 
45 
813561205 
3 
85 
813561245 
4 
125 
813561285 
2 
6 
813561166 
2 
46 
813561206 
1 
86 
813561246 
3 
126 
813561286 
2 
7 
813561167 
1 
47 
813561207 
1 
87 
813561247 
4 
127 
813561287 
2 
8 
813561168 
4 
48 
813561208 
4 
88 
813561248 
2 
128 
813561288 
4 
9 
813561169 
3 
49 
813561209 
3 
89 
813561249 
3 
129 
813561289 
1 
10 
813561170 
2 
50 
813561210 
3 
90 
813561250 
3 
130 
813561290 
2 
11 
813561171 
1 
51 
813561211 
2 
91 
813561251 
2 
131 
813561291 
4 
12 
813561172 
3 
52 
813561212 
3 
92 
813561252 
1 
132 
813561292 
1 
13 
813561173 
1 
53 
813561213 
3 
93 
813561253 
2 
133 
813561293 
4 
14 
813561174 
1 
54 
813561214 
4 
94 
813561254 
3 
134 
813561294 
4 
15 
813561175 
1 
55 
813561215 
3 
95 
813561255 
1 
135 
813561295 
1 
16 
813561176 
3 
56 
813561216 
3 
96 
813561256 
3 
136 
813561296 
1 
17 
813561177 
3 
57 
813561217 
3 
97 
813561257 
1 
137 
813561297 
3 
18 
813561178 
1 
58 
813561218 
4 
98 
813561258 
1 
138 
813561298 
4 
19 
813561179 
4 
59 
813561219 
1 
99 
813561259 
1 
139 
813561299 
3 
20 
813561180 
2 
60 
813561220 
3 
100 
813561260 
4 
140 
813561300 
1 
21 
813561181 
3 
61 
813561221 
2 
101 
813561261 
1 
141 
813561301 
2 
22 
813561182 
2 
62 
813561222 
2 
102 
813561262 
3 
142 
813561302 
2 
23 
813561183 
3 
63 
813561223 
3 
103 
813561263 
2 
143 
813561303 
2 
24 
813561184 
4 
64 
813561224 
1 
104 
813561264 
3 
144 
813561304 
3 
25 
813561185 
1 
65 
813561225 
4 
105 
813561265 
2 
145 
813561305 
3 
26 
813561186 
2 
66 
813561226 
2 
106 
813561266 
3 
146 
813561306 
4 
27 
813561187 
4 
67 
813561227 
4 
107 
813561267 
1 
147 
813561307 
1 
28 
813561188 
3 
68 
813561228 
3 
108 
813561268 
1 
148 
813561308 
4 
29 
813561189 
2 
69 
813561229 
2 
109 
813561269 
2 
149 
813561309 
1 
30 
813561190 
2 
70 
813561230 
2 
110 
813561270 
1 
150 
813561310 
1 
31 
813561191 
3 
71 
813561231 
2 
111 
813561271 
3 
151 
813561311 
3 
32 
813561192 
1 
72 
813561232 
2 
112 
813561272 
1 
152 
813561312 
3 
33 
813561193 
4 
73 
813561233 
1 
113 
813561273 
2 
153 
813561313 
3 
34 
813561194 
2 
74 
813561234 
2 
114 
813561274 
4 
154 
813561314 
2 
35 
813561195 
4 
75 
813561235 
4 
115 
813561275 
1 
155 
813561315 
4 
36 
813561196 
1 
76 
813561236 
1 
116 
813561276 
1 
156 
813561316 
4 
37 
813561197 
3 
77 
813561237 
2 
117 
813561277 
1 
157 
813561317 
3 
38 
813561198 
2 
78 
813561238 
2 
118 
813561278 
1 
158 
813561318 
1 
39 
813561199 
1 
79 
813561239 
1 
119 
813561279 
1 
159 
813561319 
4 
40 
813561200 
3 
80 
813561240 
3 
120 
813561280 
3 
160 
813561320 
3 
 
