AP EAMCET 2020 Engineering Stream 
Preliminary Key for Master Question Paper 
Day-1 (17th Sep 2020) Session-1 (FN) 
 
S.No 
Ques ID 
Ans 
S.No 
Ques ID 
Ans 
S.No 
Ques ID 
Ans 
S.No 
Ques ID 
Ans 
1 
8135611 
4 
41 
81356141 
2 
81 
81356181 
3 
121 
813561121 
1 
2 
8135612 
3 
42 
81356142 
2 
82 
81356182 
2 
122 
813561122 
3 
3 
8135613 
1 
43 
81356143 
1 
83 
81356183 
1 
123 
813561123 
2 
4 
8135614 
2 
44 
81356144 
1 
84 
81356184 
2 
124 
813561124 
4 
5 
8135615 
3 
45 
81356145 
4 
85 
81356185 
1 
125 
813561125 
4 
6 
8135616 
4 
46 
81356146 
4 
86 
81356186 
1 
126 
813561126 
2 
7 
8135617 
1 
47 
81356147 
1 
87 
81356187 
2 
127 
813561127 
2 
8 
8135618 
2 
48 
81356148 
2 
88 
81356188 
1 
128 
813561128 
2 
9 
8135619 
1 
49 
81356149 
1 
89 
81356189 
2 
129 
813561129 
2 
10 
81356110 
3 
50 
81356150 
4 
90 
81356190 
2 
130 
813561130 
1 
11 
81356111 
1 
51 
81356151 
4 
91 
81356191 
3 
131 
813561131 
4 
12 
81356112 
3 
52 
81356152 
4 
92 
81356192 
1 
132 
813561132 
3 
13 
81356113 
4 
53 
81356153 
4 
93 
81356193 
3 
133 
813561133 
3 
14 
81356114 
4 
54 
81356154 
3 
94 
81356194 
3 
134 
813561134 
4 
15 
81356115 
2 
55 
81356155 
1 
95 
81356195 
4 
135 
813561135 
1 
16 
81356116 
4 
56 
81356156 
2 
96 
81356196 
1 
136 
813561136 
4 
17 
81356117 
3 
57 
81356157 
3 
97 
81356197 
3 
137 
813561137 
3 
18 
81356118 
3 
58 
81356158 
3 
98 
81356198 
1 
138 
813561138 
2 
19 
81356119 
2 
59 
81356159 
3 
99 
81356199 
3 
139 
813561139 
3 
20 
81356120 
3 
60 
81356160 
2 
100 
813561100 
3 
140 
813561140 
3 
21 
81356121 
4 
61 
81356161 
4 
101 
813561101 
3 
141 
813561141 
3 
22 
81356122 
1 
62 
81356162 
2 
102 
813561102 
2 
142 
813561142 
2 
23 
81356123 
2 
63 
81356163 
4 
103 
813561103 
2 
143 
813561143 
4 
24 
81356124 
3 
64 
81356164 
4 
104 
813561104 
1 
144 
813561144 
2 
25 
81356125 
1 
65 
81356165 
3 
105 
813561105 
2 
145 
813561145 
2 
26 
81356126 
2 
66 
81356166 
3 
106 
813561106 
3 
146 
813561146 
4 
27 
81356127 
1 
67 
81356167 
1 
107 
813561107 
2 
147 
813561147 
2 
28 
81356128 
2 
68 
81356168 
2 
108 
813561108 
3 
148 
813561148 
1 
29 
81356129 
3 
69 
81356169 
1 
109 
813561109 
2 
149 
813561149 
2 
30 
81356130 
3 
70 
81356170 
4 
110 
813561110 
1 
150 
813561150 
1 
31 
81356131 
4 
71 
81356171 
4 
111 
813561111 
1 
151 
813561151 
3 
32 
81356132 
1 
72 
81356172 
3 
112 
813561112 
3 
152 
813561152 
1 
33 
81356133 
4 
73 
81356173 
1 
113 
813561113 
2 
153 
813561153 
4 
34 
81356134 
2 
74 
81356174 
1 
114 
813561114 
3 
154 
813561154 
3 
35 
81356135 
3 
75 
81356175 
1 
115 
813561115 
1 
155 
813561155 
4 
36 
81356136 
2 
76 
81356176 
1 
116 
813561116 
4 
156 
813561156 
2 
37 
81356137 
3 
77 
81356177 
1 
117 
813561117 
3 
157 
813561157 
3 
38 
81356138 
2 
78 
81356178 
3 
118 
813561118 
3 
158 
813561158 
2 
39 
81356139 
3 
79 
81356179 
2 
119 
813561119 
3 
159 
813561159 
2 
40 
81356140 
2 
80 
81356180 
2 
120 
813561120 
1 
160 
813561160 
3 
 
