AP EAMCET 2020 Agriculture & Medicine Stream 
Preliminary Key for Master Question Paper 
Day-5 (23rd Sep 2020) Session-2 (AN) 
 
S.No 
Ques ID 
Ans 
S.No 
Ques ID 
Ans 
S.No 
Ques ID 
Ans 
S.No 
Ques ID 
Ans 
1 
8135611441 
2 
41 
8135611481 
3 
81 
8135611521 
2 
121 
8135611561 
2 
2 
8135611442 
3 
42 
8135611482 
1 
82 
8135611522 
2 
122 
8135611562 
2 
3 
8135611443 
1 
43 
8135611483 
2 
83 
8135611523 
2 
123 
8135611563 
3 
4 
8135611444 
3 
44 
8135611484 
3 
84 
8135611524 
3 
124 
8135611564 
1 
5 
8135611445 
4 
45 
8135611485 
1 
85 
8135611525 
3 
125 
8135611565 
1 
6 
8135611446 
1 
46 
8135611486 
4 
86 
8135611526 
1 
126 
8135611566 
3 
7 
8135611447 
3 
47 
8135611487 
3 
87 
8135611527 
2 
127 
8135611567 
1 
8 
8135611448 
4 
48 
8135611488 
3 
88 
8135611528 
2 
128 
8135611568 
2 
9 
8135611449 
3 
49 
8135611489 
4 
89 
8135611529 
1 
129 
8135611569 
3 
10 
8135611450 
3 
50 
8135611490 
3 
90 
8135611530 
2 
130 
8135611570 
3 
11 
8135611451 
2 
51 
8135611491 
2 
91 
8135611531 
1 
131 
8135611571 
4 
12 
8135611452 
1 
52 
8135611492 
4 
92 
8135611532 
1 
132 
8135611572 
1 
13 
8135611453 
1 
53 
8135611493 
4 
93 
8135611533 
1 
133 
8135611573 
4 
14 
8135611454 
4 
54 
8135611494 
2 
94 
8135611534 
4 
134 
8135611574 
1 
15 
8135611455 
2 
55 
8135611495 
4 
95 
8135611535 
2 
135 
8135611575 
3 
16 
8135611456 
1 
56 
8135611496 
1 
96 
8135611536 
1 
136 
8135611576 
1 
17 
8135611457 
4 
57 
8135611497 
4 
97 
8135611537 
2 
137 
8135611577 
2 
18 
8135611458 
3 
58 
8135611498 
1 
98 
8135611538 
3 
138 
8135611578 
2 
19 
8135611459 
1 
59 
8135611499 
3 
99 
8135611539 
4 
139 
8135611579 
3 
20 
8135611460 
3 
60 
8135611500 
4 
100 
8135611540 
2 
140 
8135611580 
3 
21 
8135611461 
3 
61 
8135611501 
2 
101 
8135611541 
1 
141 
8135611581 
1 
22 
8135611462 
2 
62 
8135611502 
4 
102 
8135611542 
3 
142 
8135611582 
2 
23 
8135611463 
2 
63 
8135611503 
2 
103 
8135611543 
4 
143 
8135611583 
3 
24 
8135611464 
3 
64 
8135611504 
2 
104 
8135611544 
4 
144 
8135611584 
3 
25 
8135611465 
4 
65 
8135611505 
4 
105 
8135611545 
1 
145 
8135611585 
3 
26 
8135611466 
3 
66 
8135611506 
4 
106 
8135611546 
2 
146 
8135611586 
3 
27 
8135611467 
1 
67 
8135611507 
1 
107 
8135611547 
2 
147 
8135611587 
1 
28 
8135611468 
4 
68 
8135611508 
1 
108 
8135611548 
4 
148 
8135611588 
3 
29 
8135611469 
2 
69 
8135611509 
1 
109 
8135611549 
2 
149 
8135611589 
3 
30 
8135611470 
4 
70 
8135611510 
2 
110 
8135611550 
2 
150 
8135611590 
1 
31 
8135611471 
2 
71 
8135611511 
3 
111 
8135611551 
2 
151 
8135611591 
2 
32 
8135611472 
4 
72 
8135611512 
4 
112 
8135611552 
3 
152 
8135611592 
1 
33 
8135611473 
4 
73 
8135611513 
2 
113 
8135611553 
3 
153 
8135611593 
1 
34 
8135611474 
2 
74 
8135611514 
2 
114 
8135611554 
1 
154 
8135611594 
1 
35 
8135611475 
1 
75 
8135611515 
3 
115 
8135611555 
4 
155 
8135611595 
1 
36 
8135611476 
2 
76 
8135611516 
2 
116 
8135611556 
3 
156 
8135611596 
2 
37 
8135611477 
2 
77 
8135611517 
1 
117 
8135611557 
1 
157 
8135611597 
4 
38 
8135611478 
2 
78 
8135611518 
3 
118 
8135611558 
4 
158 
8135611598 
4 
39 
8135611479 
2 
79 
8135611519 
4 
119 
8135611559 
2 
159 
8135611599 
4 
40 
8135611480 
4 
80 
8135611520 
3 
120 
8135611560 
3 
160 
8135611600 
1 
 
