AP EAMCET 2020 Agriculture & Medicine Stream 
Preliminary Key for Master Question Paper 
Day-8 (07th Oct 2020) Covid Session-1 (FN) 
 
S.No 
Ques ID 
Ans 
S.No 
Ques ID 
Ans 
S.No 
Ques ID 
Ans 
S.No 
Ques ID 
Ans 
1 
8135612401 
2 
41 
8135612441 
2 
81 
8135612481 
2 
121 
8135612521 
4 
2 
8135612402 
4 
42 
8135612442 
4 
82 
8135612482 
2 
122 
8135612522 
1 
3 
8135612403 
2 
43 
8135612443 
2 
83 
8135612483 
1 
123 
8135612523 
1 
4 
8135612404 
3 
44 
8135612444 
1 
84 
8135612484 
3 
124 
8135612524 
2 
5 
8135612405 
1 
45 
8135612445 
4 
85 
8135612485 
2 
125 
8135612525 
3 
6 
8135612406 
3 
46 
8135612446 
2 
86 
8135612486 
4 
126 
8135612526 
4 
7 
8135612407 
2 
47 
8135612447 
3 
87 
8135612487 
3 
127 
8135612527 
2 
8 
8135612408 
3 
48 
8135612448 
2 
88 
8135612488 
2 
128 
8135612528 
1 
9 
8135612409 
1 
49 
8135612449 
1 
89 
8135612489 
1 
129 
8135612529 
2 
10 
8135612410 
2 
50 
8135612450 
4 
90 
8135612490 
2 
130 
8135612530 
3 
11 
8135612411 
4 
51 
8135612451 
3 
91 
8135612491 
2 
131 
8135612531 
3 
12 
8135612412 
3 
52 
8135612452 
1 
92 
8135612492 
1 
132 
8135612532 
3 
13 
8135612413 
2 
53 
8135612453 
2 
93 
8135612493 
4 
133 
8135612533 
3 
14 
8135612414 
2 
54 
8135612454 
2 
94 
8135612494 
4 
134 
8135612534 
3 
15 
8135612415 
4 
55 
8135612455 
3 
95 
8135612495 
3 
135 
8135612535 
1 
16 
8135612416 
3 
56 
8135612456 
4 
96 
8135612496 
4 
136 
8135612536 
3 
17 
8135612417 
3 
57 
8135612457 
3 
97 
8135612497 
2 
137 
8135612537 
1 
18 
8135612418 
2 
58 
8135612458 
2 
98 
8135612498 
2 
138 
8135612538 
1 
19 
8135612419 
2 
59 
8135612459 
3 
99 
8135612499 
4 
139 
8135612539 
3 
20 
8135612420 
1 
60 
8135612460 
3 
100 
8135612500 
2 
140 
8135612540 
2 
21 
8135612421 
3 
61 
8135612461 
1 
101 
8135612501 
1 
141 
8135612541 
1 
22 
8135612422 
4 
62 
8135612462 
1 
102 
8135612502 
2 
142 
8135612542 
4 
23 
8135612423 
3 
63 
8135612463 
1 
103 
8135612503 
1 
143 
8135612543 
4 
24 
8135612424 
1 
64 
8135612464 
3 
104 
8135612504 
1 
144 
8135612544 
4 
25 
8135612425 
2 
65 
8135612465 
2 
105 
8135612505 
2 
145 
8135612545 
2 
26 
8135612426 
3 
66 
8135612466 
2 
106 
8135612506 
4 
146 
8135612546 
3 
27 
8135612427 
1 
67 
8135612467 
2 
107 
8135612507 
1 
147 
8135612547 
2 
28 
8135612428 
1 
68 
8135612468 
4 
108 
8135612508 
1 
148 
8135612548 
3 
29 
8135612429 
2 
69 
8135612469 
4 
109 
8135612509 
1 
149 
8135612549 
1 
30 
8135612430 
2 
70 
8135612470 
1 
110 
8135612510 
3 
150 
8135612550 
2 
31 
8135612431 
1 
71 
8135612471 
2 
111 
8135612511 
1 
151 
8135612551 
1 
32 
8135612432 
2 
72 
8135612472 
1 
112 
8135612512 
3 
152 
8135612552 
4 
33 
8135612433 
2 
73 
8135612473 
4 
113 
8135612513 
2 
153 
8135612553 
3 
34 
8135612434 
1 
74 
8135612474 
2 
114 
8135612514 
4 
154 
8135612554 
3 
35 
8135612435 
3 
75 
8135612475 
3 
115 
8135612515 
3 
155 
8135612555 
2 
36 
8135612436 
4 
76 
8135612476 
3 
116 
8135612516 
2 
156 
8135612556 
3 
37 
8135612437 
1 
77 
8135612477 
2 
117 
8135612517 
4 
157 
8135612557 
1 
38 
8135612438 
1 
78 
8135612478 
1 
118 
8135612518 
4 
158 
8135612558 
3 
39 
8135612439 
2 
79 
8135612479 
4 
119 
8135612519 
4 
159 
8135612559 
4 
40 
8135612440 
1 
80 
8135612480 
3 
120 
8135612520 
3 
160 
8135612560 
2 
 
