AP EAMCET 2020 Engineering Stream 
Preliminary Key for Master Question Paper 
Day-4 (22nd Sep 2020) Session-2 (AN) 
 
S.No 
Ques ID 
Ans 
S.No 
Ques ID 
Ans 
S.No 
Ques ID 
Ans 
S.No 
Ques ID 
Ans 
1 
8135611121 
4 
41 
8135611161 
2 
81 
8135611201 
1 
121 
8135611241 
2 
2 
8135611122 
4 
42 
8135611162 
3 
82 
8135611202 
1 
122 
8135611242 
2 
3 
8135611123 
2 
43 
8135611163 
1 
83 
8135611203 
3 
123 
8135611243 
1 
4 
8135611124 
4 
44 
8135611164 
3 
84 
8135611204 
1 
124 
8135611244 
1 
5 
8135611125 
4 
45 
8135611165 
1 
85 
8135611205 
2 
125 
8135611245 
4 
6 
8135611126 
3 
46 
8135611166 
3 
86 
8135611206 
4 
126 
8135611246 
4 
7 
8135611127 
3 
47 
8135611167 
1 
87 
8135611207 
1 
127 
8135611247 
4 
8 
8135611128 
1 
48 
8135611168 
2 
88 
8135611208 
4 
128 
8135611248 
1 
9 
8135611129 
4 
49 
8135611169 
2 
89 
8135611209 
2 
129 
8135611249 
2 
10 
8135611130 
4 
50 
8135611170 
2 
90 
8135611210 
4 
130 
8135611250 
3 
11 
8135611131 
1 
51 
8135611171 
3 
91 
8135611211 
4 
131 
8135611251 
3 
12 
8135611132 
3 
52 
8135611172 
1 
92 
8135611212 
4 
132 
8135611252 
3 
13 
8135611133 
1 
53 
8135611173 
2 
93 
8135611213 
3 
133 
8135611253 
1 
14 
8135611134 
2 
54 
8135611174 
3 
94 
8135611214 
4 
134 
8135611254 
2 
15 
8135611135 
2 
55 
8135611175 
4 
95 
8135611215 
1 
135 
8135611255 
4 
16 
8135611136 
3 
56 
8135611176 
3 
96 
8135611216 
4 
136 
8135611256 
3 
17 
8135611137 
3 
57 
8135611177 
1 
97 
8135611217 
3 
137 
8135611257 
3 
18 
8135611138 
2 
58 
8135611178 
1 
98 
8135611218 
3 
138 
8135611258 
3 
19 
8135611139 
1 
59 
8135611179 
3 
99 
8135611219 
1 
139 
8135611259 
2 
20 
8135611140 
2 
60 
8135611180 
1 
100 
8135611220 
4 
140 
8135611260 
2 
21 
8135611141 
4 
61 
8135611181 
4 
101 
8135611221 
1 
141 
8135611261 
1 
22 
8135611142 
1 
62 
8135611182 
4 
102 
8135611222 
3 
142 
8135611262 
3 
23 
8135611143 
3 
63 
8135611183 
2 
103 
8135611223 
3 
143 
8135611263 
3 
24 
8135611144 
3 
64 
8135611184 
2 
104 
8135611224 
2 
144 
8135611264 
3 
25 
8135611145 
4 
65 
8135611185 
2 
105 
8135611225 
3 
145 
8135611265 
3 
26 
8135611146 
4 
66 
8135611186 
4 
106 
8135611226 
4 
146 
8135611266 
4 
27 
8135611147 
4 
67 
8135611187 
4 
107 
8135611227 
3 
147 
8135611267 
4 
28 
8135611148 
1 
68 
8135611188 
2 
108 
8135611228 
1 
148 
8135611268 
1 
29 
8135611149 
2 
69 
8135611189 
3 
109 
8135611229 
4 
149 
8135611269 
3 
30 
8135611150 
3 
70 
8135611190 
4 
110 
8135611230 
3 
150 
8135611270 
1 
31 
8135611151 
4 
71 
8135611191 
3 
111 
8135611231 
3 
151 
8135611271 
3 
32 
8135611152 
1 
72 
8135611192 
2 
112 
8135611232 
4 
152 
8135611272 
1 
33 
8135611153 
2 
73 
8135611193 
2 
113 
8135611233 
3 
153 
8135611273 
1 
34 
8135611154 
3 
74 
8135611194 
1 
114 
8135611234 
2 
154 
8135611274 
2 
35 
8135611155 
1 
75 
8135611195 
3 
115 
8135611235 
2 
155 
8135611275 
2 
36 
8135611156 
1 
76 
8135611196 
2 
116 
8135611236 
1 
156 
8135611276 
4 
37 
8135611157 
4 
77 
8135611197 
3 
117 
8135611237 
4 
157 
8135611277 
1 
38 
8135611158 
4 
78 
8135611198 
2 
118 
8135611238 
2 
158 
8135611278 
1 
39 
8135611159 
1 
79 
8135611199 
4 
119 
8135611239 
3 
159 
8135611279 
2 
40 
8135611160 
1 
80 
8135611200 
3 
120 
8135611240 
3 
160 
8135611280 
4 
 
