AP EAMCET 2020 Engineering Stream 
Preliminary Key for Master Question Paper 
Day-4 (22nd Sep 2020) Session-1 (FN) 
 
S.No 
Ques ID 
Ans 
S.No 
Ques ID 
Ans 
S.No 
Ques ID 
Ans 
S.No 
Ques ID 
Ans 
1 
813561961 
4 
41 
8135611001 
3 
81 
8135611041 
2 
121 
8135611081 
2 
2 
813561962 
4 
42 
8135611002 
1 
82 
8135611042 
2 
122 
8135611082 
2 
3 
813561963 
1 
43 
8135611003 
3 
83 
8135611043 
4 
123 
8135611083 
1 
4 
813561964 
3 
44 
8135611004 
1 
84 
8135611044 
2 
124 
8135611084 
3 
5 
813561965 
3 
45 
8135611005 
3 
85 
8135611045 
2 
125 
8135611085 
4 
6 
813561966 
1 
46 
8135611006 
4 
86 
8135611046 
1 
126 
8135611086 
4 
7 
813561967 
4 
47 
8135611007 
2 
87 
8135611047 
1 
127 
8135611087 
1 
8 
813561968 
1 
48 
8135611008 
4 
88 
8135611048 
1 
128 
8135611088 
3 
9 
813561969 
2 
49 
8135611009 
1 
89 
8135611049 
1 
129 
8135611089 
4 
10 
813561970 
2 
50 
8135611010 
4 
90 
8135611050 
3 
130 
8135611090 
3 
11 
813561971 
4 
51 
8135611011 
3 
91 
8135611051 
1 
131 
8135611091 
2 
12 
813561972 
4 
52 
8135611012 
3 
92 
8135611052 
1 
132 
8135611092 
1 
13 
813561973 
2 
53 
8135611013 
1 
93 
8135611053 
3 
133 
8135611093 
4 
14 
813561974 
3 
54 
8135611014 
1 
94 
8135611054 
4 
134 
8135611094 
2 
15 
813561975 
1 
55 
8135611015 
1 
95 
8135611055 
2 
135 
8135611095 
3 
16 
813561976 
3 
56 
8135611016 
1 
96 
8135611056 
2 
136 
8135611096 
1 
17 
813561977 
2 
57 
8135611017 
2 
97 
8135611057 
2 
137 
8135611097 
3 
18 
813561978 
2 
58 
8135611018 
4 
98 
8135611058 
3 
138 
8135611098 
2 
19 
813561979 
3 
59 
8135611019 
2 
99 
8135611059 
4 
139 
8135611099 
1 
20 
813561980 
3 
60 
8135611020 
4 
100 
8135611060 
3 
140 
8135611100 
3 
21 
813561981 
2 
61 
8135611021 
1 
101 
8135611061 
2 
141 
8135611101 
4 
22 
813561982 
4 
62 
8135611022 
3 
102 
8135611062 
3 
142 
8135611102 
3 
23 
813561983 
2 
63 
8135611023 
3 
103 
8135611063 
4 
143 
8135611103 
3 
24 
813561984 
4 
64 
8135611024 
2 
104 
8135611064 
1 
144 
8135611104 
3 
25 
813561985 
2 
65 
8135611025 
2 
105 
8135611065 
2 
145 
8135611105 
1 
26 
813561986 
2 
66 
8135611026 
1 
106 
8135611066 
3 
146 
8135611106 
4 
27 
813561987 
2 
67 
8135611027 
3 
107 
8135611067 
1 
147 
8135611107 
2 
28 
813561988 
4 
68 
8135611028 
2 
108 
8135611068 
1 
148 
8135611108 
2 
29 
813561989 
2 
69 
8135611029 
3 
109 
8135611069 
3 
149 
8135611109 
4 
30 
813561990 
4 
70 
8135611030 
2 
110 
8135611070 
1 
150 
8135611110 
2 
31 
813561991 
4 
71 
8135611031 
2 
111 
8135611071 
3 
151 
8135611111 
1 
32 
813561992 
4 
72 
8135611032 
4 
112 
8135611072 
1 
152 
8135611112 
1 
33 
813561993 
3 
73 
8135611033 
3 
113 
8135611073 
3 
153 
8135611113 
2 
34 
813561994 
4 
74 
8135611034 
1 
114 
8135611074 
2 
154 
8135611114 
3 
35 
813561995 
2 
75 
8135611035 
2 
115 
8135611075 
4 
155 
8135611115 
2 
36 
813561996 
1 
76 
8135611036 
1 
116 
8135611076 
2 
156 
8135611116 
1 
37 
813561997 
2 
77 
8135611037 
1 
117 
8135611077 
2 
157 
8135611117 
2 
38 
813561998 
4 
78 
8135611038 
2 
118 
8135611078 
2 
158 
8135611118 
3 
39 
813561999 
1 
79 
8135611039 
1 
119 
8135611079 
3 
159 
8135611119 
2 
40 
8135611000 
4 
80 
8135611040 
1 
120 
8135611080 
2 
160 
8135611120 
3 
 
