Q.No.
Answer
Q.No.
Answer
Q.No.
Answer
Q.No.
Answer
1
3
41
1
81
3
121
1
2
1
42
3
82
4
122
4
3
2
43
4
83
4
123
4
4
2
44
3
84
4
124
4
5
1
45
4
85
2
125
3
6
4
46
4
86
4
126
4
7
2
47
3
87
3
127
3
8
3
48
2
88
1
128
1
9
1
49
2
89
4
129
4
10
3
50
1
90
2
130
3
11
1
51
3
91
2
131
4
12
4
52
1
92
3
132
1
13
2
53
3
93
2
133
3
14
4
54
3
94
4
134
1
15
4
55
2
95
1
135
1
16
4
56
3
96
1
136
1
17
2
57
3
97
2
137
4
18
2
58
3
98
3
138
4
19
3
59
3
99
2
139
1
20
2
60
2
100
3
140
3
21
4
61
3
101
3
141
2
22
4
62
4
102
2
142
1
23
2
63
3
103
4
143
3
24
4
64
4
104
4
144
4
25
3
65
2
105
4
145
1
26
1
66
2
106
2
146
2
27
2
67
3
107
4
147
1
28
1
68
1
108
1
148
2
29
1
69
2
109
1
149
1
30
2
70
3
110
4
150
2
31
2
71
1
111
3
151
3
32
3
72
2
112
4
152
3
33
3
73
1
113
3
153
2
34
1
74
1
114
4
154
2
35
3
75
2
115
2
155
3
36
1
76
3
116
2
156
2
37
3
77
4
117
2
157
2
38
1
78
4
118
2
158
3
39
2
79
4
119
3
159
1
40
2
80
3
120
2
160
1
APEAMCET-2019
Agriculture & Medical Stream Final Key
Date: 24-04-2019 (Shift-2)
