Q.No.
Answer
Q.No.
Answer
Q.No.
Answer
Q.No.
Answer
1
4
41
1
81
2
121
4
2
3
42
3
82
1
122
1
3
3
43
2
83
4
123
3
4
1
44
3
84
4
124
4
5
4
45
4
85
2
125
4
6
1
46
4
86
3
126
2
7
3
47
2
87
2
127
3
8
2
48
2
88
3
128
1
9
3
49
1
89
3
129
2
10
4
50
1
90
3
130
3
11
4
51
3
91
1
131
4
12
2
52
4
92
2
132
3
13
2
53
2
93
2
133
4
14
3
54
1
94
2
134
3
15
4
55
3
95
4
135
3
16
2
56
3
96
2
136
3
17
2
57
2
97
4
137
1
18
1
58
3
98
3
138
1
19
1
59
4
99
3
139
4
20
2
60
2
100
3
140
3
21
1
61
4
101
1
141
4
22
3
62
2
102
1
142
3
23
3
63
3
103
3
143
1
24
3
64
1
104
1
144
3
25
1
65
3
105
3
145
3
26
3
66
4
106
2
146
4
27
1
67
2
107
3
147
2
28
1
68
1
108
1
148
1
29
2
69
2
109
2
149
2
30
2
70
2
110
2
150
2
31
4
71
1
111
3
151
2
32
1
72
4
112
1
152
2
33
4
73
4
113
2
153
2
34
1
74
3
114
1
154
2
35
2
75
3
115
4
155
1
36
4
76
2
116
3
156
3
37
4
77
1
117
3
157
4
38
3
78
2
118
1
158
3
39
4
79
2
119
2
159
1
40
4
80
3
120
3
160
3
APEAMCET-2019
Agriculture & Medical Stream Final Key
Date: 23-04-2019 (Shift-2)
