AP EAMCET 2020 Engineering Stream 
Preliminary Key for Master Question Paper 
Day-8 (07th Oct 2020) Covid Session-1 (FN) 
 
S.No 
Ques ID 
Ans 
S.No 
Ques ID 
Ans 
S.No 
Ques ID 
Ans 
S.No 
Ques ID 
Ans 
1 
8135612241 
1 
41 
8135612281 
2 
81 
8135612321 
1 
121 
8135612361 
1 
2 
8135612242 
3 
42 
8135612282 
3 
82 
8135612322 
2 
122 
8135612362 
1 
3 
8135612243 
3 
43 
8135612283 
3 
83 
8135612323 
1 
123 
8135612363 
1 
4 
8135612244 
4 
44 
8135612284 
2 
84 
8135612324 
3 
124 
8135612364 
4 
5 
8135612245 
3 
45 
8135612285 
4 
85 
8135612325 
4 
125 
8135612365 
3 
6 
8135612246 
3 
46 
8135612286 
4 
86 
8135612326 
1 
126 
8135612366 
2 
7 
8135612247 
2 
47 
8135612287 
2 
87 
8135612327 
3 
127 
8135612367 
2 
8 
8135612248 
3 
48 
8135612288 
4 
88 
8135612328 
2 
128 
8135612368 
2 
9 
8135612249 
2 
49 
8135612289 
3 
89 
8135612329 
2 
129 
8135612369 
2 
10 
8135612250 
4 
50 
8135612290 
4 
90 
8135612330 
3 
130 
8135612370 
3 
11 
8135612251 
2 
51 
8135612291 
4 
91 
8135612331 
1 
131 
8135612371 
1 
12 
8135612252 
2 
52 
8135612292 
4 
92 
8135612332 
3 
132 
8135612372 
1 
13 
8135612253 
2 
53 
8135612293 
2 
93 
8135612333 
4 
133 
8135612373 
2 
14 
8135612254 
4 
54 
8135612294 
4 
94 
8135612334 
3 
134 
8135612374 
1 
15 
8135612255 
3 
55 
8135612295 
1 
95 
8135612335 
1 
135 
8135612375 
1 
16 
8135612256 
1 
56 
8135612296 
4 
96 
8135612336 
3 
136 
8135612376 
1 
17 
8135612257 
1 
57 
8135612297 
4 
97 
8135612337 
3 
137 
8135612377 
4 
18 
8135612258 
1 
58 
8135612298 
4 
98 
8135612338 
3 
138 
8135612378 
3 
19 
8135612259 
3 
59 
8135612299 
1 
99 
8135612339 
4 
139 
8135612379 
2 
20 
8135612260 
2 
60 
8135612300 
1 
100 
8135612340 
1 
140 
8135612380 
2 
21 
8135612261 
4 
61 
8135612301 
2 
101 
8135612341 
1 
141 
8135612381 
3 
22 
8135612262 
3 
62 
8135612302 
2 
102 
8135612342 
2 
142 
8135612382 
4 
23 
8135612263 
3 
63 
8135612303 
1 
103 
8135612343 
2 
143 
8135612383 
2 
24 
8135612264 
1 
64 
8135612304 
3 
104 
8135612344 
1 
144 
8135612384 
1 
25 
8135612265 
4 
65 
8135612305 
2 
105 
8135612345 
4 
145 
8135612385 
3 
26 
8135612266 
1 
66 
8135612306 
1 
106 
8135612346 
2 
146 
8135612386 
2 
27 
8135612267 
1 
67 
8135612307 
3 
107 
8135612347 
2 
147 
8135612387 
3 
28 
8135612268 
3 
68 
8135612308 
2 
108 
8135612348 
3 
148 
8135612388 
2 
29 
8135612269 
3 
69 
8135612309 
2 
109 
8135612349 
2 
149 
8135612389 
3 
30 
8135612270 
3 
70 
8135612310 
2 
110 
8135612350 
3 
150 
8135612390 
2 
31 
8135612271 
3 
71 
8135612311 
2 
111 
8135612351 
2 
151 
8135612391 
4 
32 
8135612272 
1 
72 
8135612312 
3 
112 
8135612352 
2 
152 
8135612392 
4 
33 
8135612273 
4 
73 
8135612313 
3 
113 
8135612353 
3 
153 
8135612393 
3 
34 
8135612274 
1 
74 
8135612314 
1 
114 
8135612354 
1 
154 
8135612394 
2 
35 
8135612275 
3 
75 
8135612315 
4 
115 
8135612355 
3 
155 
8135612395 
4 
36 
8135612276 
3 
76 
8135612316 
4 
116 
8135612356 
1 
156 
8135612396 
4 
37 
8135612277 
2 
77 
8135612317 
3 
117 
8135612357 
3 
157 
8135612397 
1 
38 
8135612278 
3 
78 
8135612318 
2 
118 
8135612358 
3 
158 
8135612398 
2 
39 
8135612279 
4 
79 
8135612319 
3 
119 
8135612359 
2 
159 
8135612399 
4 
40 
8135612280 
1 
80 
8135612320 
4 
120 
8135612360 
3 
160 
8135612400 
4 
 
