Q.No.
Answer
Q.No.
Answer
Q.No.
Answer
Q.No.
Answer
1
1
41
3
81
4
121
3
2
1
42
1
82
3
122
2
3
1
43
4
83
2
123
3
4
4
44
1
84
3
124
2
5
2
45
1
85
3
125
1
6
3
46
3
86
4
126
1
7
4
47
4
87
4
127
2
8
3
48
2
88
2
128
3
9
1
49
3
89
3
129
4
10
1
50
1
90
2
130
2
11
4
51
4
91
2
131
3
12
2
52
2
92
1
132
1
13
2,3
53
3
93
4
133
3
14
3
54
2
94
3
134
2
15
3
55
3
95
4
135
1
16
1
56
1
96
4
136
2
17
1
57
2
97
1
137
4
18
3
58
4
98
3
138
1
19
2
59
4
99
1
139
4
20
3
60
3
100
1
140
4
21
1
61
2
101
1
141
1
22
2
62
3
102
2
142
3
23
1
63
1
103
2
143
2
24
1
64
1
104
4
144
1
25
2
65
1
105
4
145
2
26
1
66
2
106
4
146
4
27
4
67
3
107
1
147
4
28
1
68
4
108
4
148
4
29
2
69
2
109
1
149
4
30
4
70
4
110
4
150
3
31
4
71
1
111
2
151
4
32
1
72
1
112
1
152
2
33
3
73
4
113
2
153
3
34
3
74
1
114
3
154
4
35
3
75
4
115
4
155
2
36
4
76
4
116
2
156
4
37
2
77
3
117
3
157
1
38
4
78
2
118
3
158
1
39
3
79
2
119
1
159
2
40
3
80
4
120
3
160
1
APEAMCET-2019
Agriculture & Medical Stream Final Key
Date: 24-04-2019 (Shift-1)
