Q.No.
Answer
Q.No.
Answer
Q.No.
Answer
Q.No.
Answer
1
3
41
3
81
4
121
3
2
2
42
2
82
2
122
4
3
1
43
2
83
4
123
2
4
3
44
1
84
1
124
1
5
3,4
45
3
85
4
125
4
6
1
46
4
86
3
126
3
7
2
47
1
87
4
127
2
8
2
48
1
88
3
128
4
9
1
49
1
89
4
129
2
10
4
50
4
90
2
130
4
11
4
51
3
91
1
131
3
12
3
52
1
92
3
132
1
13
1
53
3
93
4
133
2
14
4
54
1
94
2
134
1
15
4
55
1
95
3
135
4
16
2
56
4
96
4
136
1
17
3
57
2
97
3
137
3
18
2
58
1,2,3,4
98
2
138
3
19
3
59
2
99
1
139
1
20
4
60
4
100
2
140
2
21
1
61
3
101
1
141
3
22
4
62
3
102
3
142
2
23
2
63
3
103
4
143
4
24
1
64
1
104
1,2,3,4
144
2
25
3
65
3
105
1
145
4
26
2
66
4
106
2
146
1
27
2
67
3
107
4
147
2
28
2
68
1
108
3
148
4
29
1
69
4
109
4
149
4
30
1
70
2
110
3
150
2
31
4
71
1
111
3
151
1
32
2
72
1
112
2
152
3
33
3
73
3
113
4
153
1
34
4
74
1
114
2
154
1
35
1
75
3,4
115
4
155
2
36
2
76
3
116
3
156
2
37
2
77
4
117
1
157
3
38
1
78
2
118
4
158
3
39
2
79
4
119
3
159
4
40
1
80
4
120
2
160
2
APEAMCET-2019
Engineering Stream Final Key
Date: 20-04-2019 (Shift-2)
