Q.No.
Answer
Q.No.
Answer
Q.No.
Answer
Q.No.
Answer
1
3
41
2
81
3
121
3
2
3
42
4
82
4
122
2
3
4
43
4
83
1
123
2
4
1
44
3
84
4
124
3
5
1
45
3
85
2
125
4
6
3
46
1
86
4
126
3
7
3
47
1
87
2
127
1
8
1,2,3,4
48
2
88
1
128
2
9
2
49
3
89
3
129
3
10
1
50
1
90
4
130
2
11
4
51
4
91
3
131
2
12
2
52
4
92
1
132
4
13
4
53
3
93
2
133
1
14
3
54
2
94
1
134
2
15
2
55
4
95
4
135
2
16
4
56
4
96
2
136
1
17
2
57
1
97
3
137
1
18
2
58
2
98
1
138
4
19
1
59
3
99
1
139
4
20
1
60
1
100
3
140
3
21
4
61
1
101
2
141
1
22
3
62
3
102
2
142
1
23
4
63
2
103
1
143
1
24
1
64
2
104
1
144
4
25
1
65
3
105
3
145
4
26
3
66
1
106
2
146
3
27
4
67
2
107
3
147
2
28
3
68
3
108
4
148
4
29
1
69
3
109
1
149
3
30
3
70
3
110
1
150
3
31
4
71
1
111
2
151
2
32
2
72
1
112
3
152
4
33
2
73
3
113
1
153
4
34
3
74
4
114
2
154
1
35
4
75
1
115
2
155
4
36
4
76
3
116
2
156
2
37
4
77
4
117
3,4
157
4
38
2
78
2
118
3
158
2
39
2
79
3
119
3
159
4
40
4
80
1
120
2
160
1
APEAMCET-2019
Engineering Stream Final Key
Date: 22-04-2019 (Shift-2)
