Q.No.
Answer
Q.No.
Answer
Q.No.
Answer
Q.No.
Answer
1
4
41
4
81
3
121
2
2
2
42
3
82
3
122
1
3
3
43
3
83
1
123
3
4
4
44
2
84
3
124
4
5
4
45
2
85
1
125
3
6
1
46
3
86
2
126
2
7
2
47
1
87
2
127
2
8
3
48
3
88
3
128
2
9
4
49
1
89
2
129
3
10
4
50
4
90
1
130
4
11
4
51
3
91
3
131
3
12
2
52
1
92
2
132
2
13
3
53
4
93
3
133
4
14
3
54
2
94
2
134
3
15
1
55
1
95
3
135
1
16
2
56
3
96
1
136
4
17
4
57
1
97
3
137
2
18
3
58
2
98
2
138
1
19
3
59
4
99
2
139
3
20
1
60
1
100
2
140
1
21
3
61
3
101
2
141
2
22
4
62
2
102
4
142
1
23
2
63
1
103
2
143
2
24
1
64
3
104
1
144
4
25
2
65
3
105
4
145
3
26
3
66
1
106
3
146
3
27
1
67
2
107
3
147
3
28
2
68
1
108
1
148
4
29
4
69
3
109
2
149
3
30
1
70
2
110
1
150
2
31
1
71
3
111
1
151
3
32
2
72
4
112
3
152
1
33
2
73
1
113
1
153
4
34
1
74
2
114
4
154
1
35
2
75
3
115
4
155
1
36
3
76
2
116
1
156
3
37
2
77
4
117
2
157
1
38
2
78
1
118
3
158
4
39
4
79
4
119
2
159
4
40
3
80
4
120
3
160
2
APEAMCET-2019
Engineering Stream Final Key
Date: 21-04-2019 (Shift-2)
