AP EAMCET 2020 Engineering Stream 
Preliminary Key for Master Question Paper 
Day-3 (21st Sep 2020) Session-1 (FN) 
 
S.No 
Ques ID 
Ans 
S.No 
Ques ID 
Ans 
S.No 
Ques ID 
Ans 
S.No 
Ques ID 
Ans 
1 
813561641 
1 
41 
813561681 
1 
81 
813561721 
4 
121 
813561761 
1 
2 
813561642 
1 
42 
813561682 
2 
82 
813561722 
3 
122 
813561762 
4 
3 
813561643 
2 
43 
813561683 
2 
83 
813561723 
3 
123 
813561763 
1 
4 
813561644 
1 
44 
813561684 
2 
84 
813561724 
3 
124 
813561764 
2 
5 
813561645 
3 
45 
813561685 
3 
85 
813561725 
3 
125 
813561765 
2 
6 
813561646 
1 
46 
813561686 
3 
86 
813561726 
4 
126 
813561766 
2 
7 
813561647 
2 
47 
813561687 
3 
87 
813561727 
2 
127 
813561767 
3 
8 
813561648 
3 
48 
813561688 
1 
88 
813561728 
4 
128 
813561768 
3 
9 
813561649 
4 
49 
813561689 
4 
89 
813561729 
1 
129 
813561769 
3 
10 
813561650 
1 
50 
813561690 
4 
90 
813561730 
1 
130 
813561770 
2 
11 
813561651 
1 
51 
813561691 
2 
91 
813561731 
1 
131 
813561771 
2 
12 
813561652 
3 
52 
813561692 
2 
92 
813561732 
3 
132 
813561772 
1 
13 
813561653 
3 
53 
813561693 
2 
93 
813561733 
4 
133 
813561773 
2 
14 
813561654 
4 
54 
813561694 
1 
94 
813561734 
2 
134 
813561774 
2 
15 
813561655 
1 
55 
813561695 
4 
95 
813561735 
4 
135 
813561775 
4 
16 
813561656 
2 
56 
813561696 
4 
96 
813561736 
4 
136 
813561776 
4 
17 
813561657 
2 
57 
813561697 
2 
97 
813561737 
1 
137 
813561777 
2 
18 
813561658 
4 
58 
813561698 
1 
98 
813561738 
1 
138 
813561778 
3 
19 
813561659 
2 
59 
813561699 
2 
99 
813561739 
2 
139 
813561779 
2 
20 
813561660 
2 
60 
813561700 
1 
100 
813561740 
3 
140 
813561780 
4 
21 
813561661 
3 
61 
813561701 
3 
101 
813561741 
1 
141 
813561781 
4 
22 
813561662 
4 
62 
813561702 
1 
102 
813561742 
1 
142 
813561782 
3 
23 
813561663 
3 
63 
813561703 
2 
103 
813561743 
2 
143 
813561783 
2 
24 
813561664 
4 
64 
813561704 
1 
104 
813561744 
3 
144 
813561784 
4 
25 
813561665 
1 
65 
813561705 
1 
105 
813561745 
3 
145 
813561785 
3 
26 
813561666 
4 
66 
813561706 
2 
106 
813561746 
4 
146 
813561786 
4 
27 
813561667 
3 
67 
813561707 
4 
107 
813561747 
1 
147 
813561787 
1 
28 
813561668 
4 
68 
813561708 
2 
108 
813561748 
2 
148 
813561788 
3 
29 
813561669 
1 
69 
813561709 
4 
109 
813561749 
3 
149 
813561789 
3 
30 
813561670 
3 
70 
813561710 
2 
110 
813561750 
4 
150 
813561790 
4 
31 
813561671 
1 
71 
813561711 
3 
111 
813561751 
1 
151 
813561791 
3 
32 
813561672 
1 
72 
813561712 
3 
112 
813561752 
3 
152 
813561792 
3 
33 
813561673 
4 
73 
813561713 
1 
113 
813561753 
2 
153 
813561793 
3 
34 
813561674 
3 
74 
813561714 
1 
114 
813561754 
2 
154 
813561794 
3 
35 
813561675 
4 
75 
813561715 
2 
115 
813561755 
3 
155 
813561795 
2 
36 
813561676 
4 
76 
813561716 
3 
116 
813561756 
1 
156 
813561796 
2 
37 
813561677 
3 
77 
813561717 
1 
117 
813561757 
3 
157 
813561797 
1 
38 
813561678 
1 
78 
813561718 
3 
118 
813561758 
3 
158 
813561798 
4 
39 
813561679 
3 
79 
813561719 
2 
119 
813561759 
3 
159 
813561799 
4 
40 
813561680 
4 
80 
813561720 
2 
120 
813561760 
2 
160 
813561800 
3 
 
