AP EAMCET 2020 Engineering Stream 
Preliminary Key for Master Question Paper 
Day-3 (21st Sep 2020) Session-2 (AN) 
 
S.No 
Ques ID 
Ans 
S.No 
Ques ID 
Ans 
S.No 
Ques ID 
Ans 
S.No 
Ques ID 
Ans 
1 
813561801 
4 
41 
813561841 
1 
81 
813561881 
2 
121 
813561921 
2 
2 
813561802 
2 
42 
813561842 
3 
82 
813561882 
4 
122 
813561922 
4 
3 
813561803 
2 
43 
813561843 
2 
83 
813561883 
3 
123 
813561923 
2 
4 
813561804 
2 
44 
813561844 
4 
84 
813561884 
3 
124 
813561924 
1 
5 
813561805 
3 
45 
813561845 
1 
85 
813561885 
1 
125 
813561925 
2 
6 
813561806 
2 
46 
813561846 
2 
86 
813561886 
1 
126 
813561926 
4 
7 
813561807 
4 
47 
813561847 
2 
87 
813561887 
2 
127 
813561927 
1 
8 
813561808 
3 
48 
813561848 
4 
88 
813561888 
1 
128 
813561928 
2 
9 
813561809 
3 
49 
813561849 
4 
89 
813561889 
2 
129 
813561929 
1 
10 
813561810 
3 
50 
813561850 
4 
90 
813561890 
4 
130 
813561930 
1 
11 
813561811 
2 
51 
813561851 
2 
91 
813561891 
3 
131 
813561931 
1 
12 
813561812 
1 
52 
813561852 
3 
92 
813561892 
4 
132 
813561932 
1 
13 
813561813 
3 
53 
813561853 
2 
93 
813561893 
1 
133 
813561933 
3 
14 
813561814 
4 
54 
813561854 
2 
94 
813561894 
3 
134 
813561934 
4 
15 
813561815 
3 
55 
813561855 
1 
95 
813561895 
3 
135 
813561935 
1 
16 
813561816 
3 
56 
813561856 
4 
96 
813561896 
2 
136 
813561936 
4 
17 
813561817 
2 
57 
813561857 
3 
97 
813561897 
1 
137 
813561937 
3 
18 
813561818 
3 
58 
813561858 
2 
98 
813561898 
1 
138 
813561938 
1 
19 
813561819 
2 
59 
813561859 
1 
99 
813561899 
2 
139 
813561939 
3 
20 
813561820 
2 
60 
813561860 
3 
100 
813561900 
2 
140 
813561940 
2 
21 
813561821 
2 
61 
813561861 
1 
101 
813561901 
1 
141 
813561941 
2 
22 
813561822 
1 
62 
813561862 
4 
102 
813561902 
4 
142 
813561942 
4 
23 
813561823 
2 
63 
813561863 
1 
103 
813561903 
3 
143 
813561943 
2 
24 
813561824 
1 
64 
813561864 
3 
104 
813561904 
3 
144 
813561944 
3 
25 
813561825 
3 
65 
813561865 
4 
105 
813561905 
3 
145 
813561945 
4 
26 
813561826 
4 
66 
813561866 
1 
106 
813561906 
3 
146 
813561946 
2 
27 
813561827 
1 
67 
813561867 
3 
107 
813561907 
2 
147 
813561947 
3 
28 
813561828 
1 
68 
813561868 
3 
108 
813561908 
3 
148 
813561948 
2 
29 
813561829 
3 
69 
813561869 
3 
109 
813561909 
3 
149 
813561949 
3 
30 
813561830 
3 
70 
813561870 
2 
110 
813561910 
2 
150 
813561950 
2 
31 
813561831 
2 
71 
813561871 
2 
111 
813561911 
3 
151 
813561951 
4 
32 
813561832 
4 
72 
813561872 
1 
112 
813561912 
1 
152 
813561952 
1 
33 
813561833 
2 
73 
813561873 
3 
113 
813561913 
1 
153 
813561953 
3 
34 
813561834 
1 
74 
813561874 
3 
114 
813561914 
1 
154 
813561954 
1 
35 
813561835 
3 
75 
813561875 
1 
115 
813561915 
1 
155 
813561955 
2 
36 
813561836 
4 
76 
813561876 
4 
116 
813561916 
4 
156 
813561956 
3 
37 
813561837 
1 
77 
813561877 
1 
117 
813561917 
1 
157 
813561957 
3 
38 
813561838 
2 
78 
813561878 
2 
118 
813561918 
4 
158 
813561958 
2 
39 
813561839 
1 
79 
813561879 
2 
119 
813561919 
2 
159 
813561959 
3 
40 
813561840 
2 
80 
813561880 
2 
120 
813561920 
3 
160 
813561960 
2 
 
