AP EAMCET 2020 Agriculture & Medicine Stream 
Preliminary Key for Master Question Paper 
Day-6 (24th Sep 2020) Session-1 (FN) 
 
S.No 
Ques ID 
Ans 
S.No 
Ques ID 
Ans 
S.No 
Ques ID 
Ans 
S.No 
Ques ID 
Ans 
1 
8135611601 
2 
41 
8135611641 
3 
81 
8135611681 
3 
121 
8135611721 
2 
2 
8135611602 
1 
42 
8135611642 
1 
82 
8135611682 
1 
122 
8135611722 
3 
3 
8135611603 
4 
43 
8135611643 
1 
83 
8135611683 
1 
123 
8135611723 
3 
4 
8135611604 
2 
44 
8135611644 
1 
84 
8135611684 
3 
124 
8135611724 
4 
5 
8135611605 
1 
45 
8135611645 
2 
85 
8135611685 
2 
125 
8135611725 
4 
6 
8135611606 
1 
46 
8135611646 
3 
86 
8135611686 
1 
126 
8135611726 
3 
7 
8135611607 
1 
47 
8135611647 
3 
87 
8135611687 
2 
127 
8135611727 
3 
8 
8135611608 
4 
48 
8135611648 
4 
88 
8135611688 
1 
128 
8135611728 
2 
9 
8135611609 
2 
49 
8135611649 
4 
89 
8135611689 
3 
129 
8135611729 
2 
10 
8135611610 
3 
50 
8135611650 
2 
90 
8135611690 
3 
130 
8135611730 
3 
11 
8135611611 
3 
51 
8135611651 
2 
91 
8135611691 
4 
131 
8135611731 
3 
12 
8135611612 
3 
52 
8135611652 
1 
92 
8135611692 
2 
132 
8135611732 
3 
13 
8135611613 
3 
53 
8135611653 
4 
93 
8135611693 
3 
133 
8135611733 
2 
14 
8135611614 
1 
54 
8135611654 
4 
94 
8135611694 
4 
134 
8135611734 
4 
15 
8135611615 
1 
55 
8135611655 
1 
95 
8135611695 
3 
135 
8135611735 
1 
16 
8135611616 
4 
56 
8135611656 
4 
96 
8135611696 
2 
136 
8135611736 
1 
17 
8135611617 
1 
57 
8135611657 
4 
97 
8135611697 
1 
137 
8135611737 
2 
18 
8135611618 
1 
58 
8135611658 
3 
98 
8135611698 
1 
138 
8135611738 
1 
19 
8135611619 
3 
59 
8135611659 
3 
99 
8135611699 
2 
139 
8135611739 
2 
20 
8135611620 
1 
60 
8135611660 
3 
100 
8135611700 
1 
140 
8135611740 
2 
21 
8135611621 
1 
61 
8135611661 
2 
101 
8135611701 
3 
141 
8135611741 
1 
22 
8135611622 
2 
62 
8135611662 
3 
102 
8135611702 
1 
142 
8135611742 
3 
23 
8135611623 
1 
63 
8135611663 
2 
103 
8135611703 
2 
143 
8135611743 
2 
24 
8135611624 
2 
64 
8135611664 
1 
104 
8135611704 
3 
144 
8135611744 
2 
25 
8135611625 
4 
65 
8135611665 
3 
105 
8135611705 
2 
145 
8135611745 
1 
26 
8135611626 
2 
66 
8135611666 
1 
106 
8135611706 
4 
146 
8135611746 
3 
27 
8135611627 
1 
67 
8135611667 
2 
107 
8135611707 
2 
147 
8135611747 
1 
28 
8135611628 
1 
68 
8135611668 
2 
108 
8135611708 
2 
148 
8135611748 
2 
29 
8135611629 
2 
69 
8135611669 
3 
109 
8135611709 
2 
149 
8135611749 
2 
30 
8135611630 
4 
70 
8135611670 
4 
110 
8135611710 
3 
150 
8135611750 
4 
31 
8135611631 
3 
71 
8135611671 
3 
111 
8135611711 
4 
151 
8135611751 
2 
32 
8135611632 
3 
72 
8135611672 
2 
112 
8135611712 
3 
152 
8135611752 
3 
33 
8135611633 
4 
73 
8135611673 
3 
113 
8135611713 
4 
153 
8135611753 
3 
34 
8135611634 
4 
74 
8135611674 
2 
114 
8135611714 
4 
154 
8135611754 
3 
35 
8135611635 
4 
75 
8135611675 
3 
115 
8135611715 
2 
155 
8135611755 
3 
36 
8135611636 
2 
76 
8135611676 
3 
116 
8135611716 
3 
156 
8135611756 
2 
37 
8135611637 
4 
77 
8135611677 
2 
117 
8135611717 
2 
157 
8135611757 
2 
38 
8135611638 
4 
78 
8135611678 
4 
118 
8135611718 
1 
158 
8135611758 
1 
39 
8135611639 
3 
79 
8135611679 
1 
119 
8135611719 
2 
159 
8135611759 
4 
40 
8135611640 
2 
80 
8135611680 
1 
120 
8135611720 
3 
160 
8135611760 
4 
 
