AP EAMCET 2020 Engineering Stream 
Preliminary Key for Master Question Paper 
Day-2 (18th Sep 2020) Session-1 (FN) 
 
S.No 
Ques ID 
Ans 
S.No 
Ques ID 
Ans 
S.No 
Ques ID 
Ans 
S.No 
Ques ID 
Ans 
1 
813561321 
2 
41 
813561361 
3 
81 
813561401 
4 
121 
813561441 
3 
2 
813561322 
4 
42 
813561362 
3 
82 
813561402 
2 
122 
813561442 
3 
3 
813561323 
1 
43 
813561363 
1 
83 
813561403 
1 
123 
813561443 
1 
4 
813561324 
1 
44 
813561364 
3 
84 
813561404 
1 
124 
813561444 
2 
5 
813561325 
1 
45 
813561365 
1 
85 
813561405 
4 
125 
813561445 
4 
6 
813561326 
4 
46 
813561366 
1 
86 
813561406 
2 
126 
813561446 
1 
7 
813561327 
3 
47 
813561367 
3 
87 
813561407 
2 
127 
813561447 
3 
8 
813561328 
4 
48 
813561368 
4 
88 
813561408 
2 
128 
813561448 
3 
9 
813561329 
3 
49 
813561369 
1 
89 
813561409 
1 
129 
813561449 
4 
10 
813561330 
2 
50 
813561370 
3 
90 
813561410 
1 
130 
813561450 
3 
11 
813561331 
2 
51 
813561371 
3 
91 
813561411 
3 
131 
813561451 
3 
12 
813561332 
4 
52 
813561372 
1 
92 
813561412 
1 
132 
813561452 
4 
13 
813561333 
4 
53 
813561373 
3 
93 
813561413 
1 
133 
813561453 
1 
14 
813561334 
4 
54 
813561374 
3 
94 
813561414 
3 
134 
813561454 
3 
15 
813561335 
4 
55 
813561375 
2 
95 
813561415 
3 
135 
813561455 
1 
16 
813561336 
1 
56 
813561376 
2 
96 
813561416 
3 
136 
813561456 
3 
17 
813561337 
1 
57 
813561377 
1 
97 
813561417 
1 
137 
813561457 
4 
18 
813561338 
1 
58 
813561378 
2 
98 
813561418 
3 
138 
813561458 
3 
19 
813561339 
4 
59 
813561379 
1 
99 
813561419 
2 
139 
813561459 
2 
20 
813561340 
4 
60 
813561380 
4 
100 
813561420 
4 
140 
813561460 
1 
21 
813561341 
1 
61 
813561381 
2 
101 
813561421 
3 
141 
813561461 
1 
22 
813561342 
4 
62 
813561382 
4 
102 
813561422 
2 
142 
813561462 
2 
23 
813561343 
1 
63 
813561383 
2 
103 
813561423 
1 
143 
813561463 
2 
24 
813561344 
2 
64 
813561384 
3 
104 
813561424 
3 
144 
813561464 
4 
25 
813561345 
1 
65 
813561385 
4 
105 
813561425 
1 
145 
813561465 
2 
26 
813561346 
4 
66 
813561386 
3 
106 
813561426 
3 
146 
813561466 
4 
27 
813561347 
3 
67 
813561387 
3 
107 
813561427 
2 
147 
813561467 
1 
28 
813561348 
3 
68 
813561388 
1 
108 
813561428 
2 
148 
813561468 
1 
29 
813561349 
3 
69 
813561389 
3 
109 
813561429 
1 
149 
813561469 
4 
30 
813561350 
2 
70 
813561390 
2 
110 
813561430 
3 
150 
813561470 
2 
31 
813561351 
1 
71 
813561391 
4 
111 
813561431 
2 
151 
813561471 
2 
32 
813561352 
3 
72 
813561392 
4 
112 
813561432 
2 
152 
813561472 
4 
33 
813561353 
4 
73 
813561393 
2 
113 
813561433 
4 
153 
813561473 
3 
34 
813561354 
2 
74 
813561394 
2 
114 
813561434 
1 
154 
813561474 
2 
35 
813561355 
1 
75 
813561395 
2 
115 
813561435 
2 
155 
813561475 
2 
36 
813561356 
2 
76 
813561396 
3 
116 
813561436 
4 
156 
813561476 
2 
37 
813561357 
1 
77 
813561397 
3 
117 
813561437 
3 
157 
813561477 
4 
38 
813561358 
4 
78 
813561398 
4 
118 
813561438 
3 
158 
813561478 
1 
39 
813561359 
2 
79 
813561399 
1 
119 
813561439 
3 
159 
813561479 
4 
40 
813561360 
4 
80 
813561400 
2 
120 
813561440 
3 
160 
813561480 
3 
 
