AP EAMCET 2020 Engineering Stream 
Preliminary Key for Master Question Paper 
Day-2 (18th Sep 2020) Session-2 (AN) 
 
S.No 
Ques ID 
Ans 
S.No 
Ques ID 
Ans 
S.No 
Ques ID 
Ans 
S.No 
Ques ID 
Ans 
1 
813561481 
4 
41 
813561521 
4 
81 
813561561 
3 
121 
813561601 
3 
2 
813561482 
1 
42 
813561522 
3 
82 
813561562 
4 
122 
813561602 
4 
3 
813561483 
2 
43 
813561523 
3 
83 
813561563 
2 
123 
813561603 
2 
4 
813561484 
2 
44 
813561524 
2 
84 
813561564 
4 
124 
813561604 
1 
5 
813561485 
2 
45 
813561525 
4 
85 
813561565 
2 
125 
813561605 
3 
6 
813561486 
1 
46 
813561526 
1 
86 
813561566 
4 
126 
813561606 
4 
7 
813561487 
3 
47 
813561527 
2 
87 
813561567 
1 
127 
813561607 
2 
8 
813561488 
3 
48 
813561528 
2 
88 
813561568 
2 
128 
813561608 
3 
9 
813561489 
4 
49 
813561529 
3 
89 
813561569 
1 
129 
813561609 
4 
10 
813561490 
4 
50 
813561530 
3 
90 
813561570 
2 
130 
813561610 
1 
11 
813561491 
1 
51 
813561531 
3 
91 
813561571 
3 
131 
813561611 
2 
12 
813561492 
2 
52 
813561532 
3 
92 
813561572 
2 
132 
813561612 
1 
13 
813561493 
2 
53 
813561533 
1 
93 
813561573 
1 
133 
813561613 
3 
14 
813561494 
4 
54 
813561534 
4 
94 
813561574 
3 
134 
813561614 
4 
15 
813561495 
3 
55 
813561535 
2 
95 
813561575 
2 
135 
813561615 
1 
16 
813561496 
3 
56 
813561536 
4 
96 
813561576 
3 
136 
813561616 
2 
17 
813561497 
2 
57 
813561537 
3 
97 
813561577 
2 
137 
813561617 
1 
18 
813561498 
3 
58 
813561538 
4 
98 
813561578 
2 
138 
813561618 
1 
19 
813561499 
2 
59 
813561539 
3 
99 
813561579 
3 
139 
813561619 
4 
20 
813561500 
4 
60 
813561540 
1 
100 
813561580 
1 
140 
813561620 
3 
21 
813561501 
3 
61 
813561541 
4 
101 
813561581 
2 
141 
813561621 
2 
22 
813561502 
3 
62 
813561542 
3 
102 
813561582 
1 
142 
813561622 
1 
23 
813561503 
3 
63 
813561543 
4 
103 
813561583 
2 
143 
813561623 
2 
24 
813561504 
3 
64 
813561544 
2 
104 
813561584 
2 
144 
813561624 
3 
25 
813561505 
4 
65 
813561545 
2 
105 
813561585 
2 
145 
813561625 
2 
26 
813561506 
1 
66 
813561546 
3 
106 
813561586 
4 
146 
813561626 
1 
27 
813561507 
3 
67 
813561547 
2 
107 
813561587 
2 
147 
813561627 
2 
28 
813561508 
3 
68 
813561548 
2 
108 
813561588 
3 
148 
813561628 
2 
29 
813561509 
1 
69 
813561549 
4 
109 
813561589 
1 
149 
813561629 
2 
30 
813561510 
2 
70 
813561550 
2 
110 
813561590 
3 
150 
813561630 
4 
31 
813561511 
3 
71 
813561551 
2 
111 
813561591 
1 
151 
813561631 
1 
32 
813561512 
2 
72 
813561552 
4 
112 
813561592 
3 
152 
813561632 
1 
33 
813561513 
3 
73 
813561553 
2 
113 
813561593 
2 
153 
813561633 
2 
34 
813561514 
4 
74 
813561554 
2 
114 
813561594 
3 
154 
813561634 
2 
35 
813561515 
1 
75 
813561555 
1 
115 
813561595 
3 
155 
813561635 
2 
36 
813561516 
4 
76 
813561556 
2 
116 
813561596 
4 
156 
813561636 
3 
37 
813561517 
4 
77 
813561557 
1 
117 
813561597 
4 
157 
813561637 
2 
38 
813561518 
3 
78 
813561558 
3 
118 
813561598 
2 
158 
813561638 
4 
39 
813561519 
2 
79 
813561559 
2 
119 
813561599 
1 
159 
813561639 
4 
40 
813561520 
2 
80 
813561560 
1 
120 
813561600 
1 
160 
813561640 
2 
 
