AP EAMCET 2020 Agriculture & Medicine Stream 
Preliminary Key for Master Question Paper 
Day-7 (25th Sep 2020) Session-1 (FN) 
 
S.No 
Ques ID 
Ans 
S.No 
Ques ID 
Ans 
S.No 
Ques ID 
Ans 
S.No 
Ques ID 
Ans 
1 
8135611921 
4 
41 
8135611961 
3 
81 
8135612001 
2 
121 
8135612041 
2 
2 
8135611922 
3 
42 
8135611962 
2 
82 
8135612002 
1 
122 
8135612042 
4 
3 
8135611923 
3 
43 
8135611963 
1 
83 
8135612003 
1 
123 
8135612043 
4 
4 
8135611924 
1 
44 
8135611964 
4 
84 
8135612004 
1 
124 
8135612044 
4 
5 
8135611925 
3 
45 
8135611965 
1 
85 
8135612005 
3 
125 
8135612045 
3 
6 
8135611926 
2 
46 
8135611966 
1 
86 
8135612006 
2 
126 
8135612046 
3 
7 
8135611927 
2 
47 
8135611967 
2 
87 
8135612007 
1 
127 
8135612047 
2 
8 
8135611928 
1 
48 
8135611968 
3 
88 
8135612008 
1 
128 
8135612048 
3 
9 
8135611929 
3 
49 
8135611969 
2 
89 
8135612009 
2 
129 
8135612049 
4 
10 
8135611930 
4 
50 
8135611970 
2 
90 
8135612010 
3 
130 
8135612050 
1 
11 
8135611931 
2 
51 
8135611971 
2 
91 
8135612011 
3 
131 
8135612051 
3 
12 
8135611932 
2 
52 
8135611972 
4 
92 
8135612012 
1 
132 
8135612052 
1 
13 
8135611933 
3 
53 
8135611973 
3 
93 
8135612013 
2 
133 
8135612053 
1 
14 
8135611934 
4 
54 
8135611974 
4 
94 
8135612014 
3 
134 
8135612054 
4 
15 
8135611935 
3 
55 
8135611975 
2 
95 
8135612015 
4 
135 
8135612055 
3 
16 
8135611936 
4 
56 
8135611976 
3 
96 
8135612016 
1 
136 
8135612056 
3 
17 
8135611937 
4 
57 
8135611977 
2 
97 
8135612017 
4 
137 
8135612057 
2 
18 
8135611938 
3 
58 
8135611978 
2 
98 
8135612018 
1 
138 
8135612058 
3 
19 
8135611939 
3 
59 
8135611979 
3 
99 
8135612019 
3 
139 
8135612059 
2 
20 
8135611940 
2 
60 
8135611980 
1 
100 
8135612020 
2 
140 
8135612060 
3 
21 
8135611941 
1 
61 
8135611981 
3 
101 
8135612021 
3 
141 
8135612061 
3 
22 
8135611942 
2 
62 
8135611982 
2 
102 
8135612022 
1 
142 
8135612062 
4 
23 
8135611943 
1 
63 
8135611983 
3 
103 
8135612023 
1 
143 
8135612063 
4 
24 
8135611944 
2 
64 
8135611984 
3 
104 
8135612024 
2 
144 
8135612064 
1 
25 
8135611945 
3 
65 
8135611985 
1 
105 
8135612025 
2 
145 
8135612065 
1 
26 
8135611946 
3 
66 
8135611986 
2 
106 
8135612026 
4 
146 
8135612066 
3 
27 
8135611947 
2 
67 
8135611987 
1 
107 
8135612027 
2 
147 
8135612067 
1 
28 
8135611948 
3 
68 
8135611988 
2 
108 
8135612028 
3 
148 
8135612068 
3 
29 
8135611949 
1 
69 
8135611989 
2 
109 
8135612029 
2 
149 
8135612069 
2 
30 
8135611950 
1 
70 
8135611990 
4 
110 
8135612030 
1 
150 
8135612070 
3 
31 
8135611951 
3 
71 
8135611991 
2 
111 
8135612031 
2 
151 
8135612071 
2 
32 
8135611952 
3 
72 
8135611992 
2 
112 
8135612032 
2 
152 
8135612072 
2 
33 
8135611953 
2 
73 
8135611993 
1 
113 
8135612033 
4 
153 
8135612073 
2 
34 
8135611954 
1 
74 
8135611994 
3 
114 
8135612034 
3 
154 
8135612074 
4 
35 
8135611955 
2 
75 
8135611995 
3 
115 
8135612035 
3 
155 
8135612075 
3 
36 
8135611956 
3 
76 
8135611996 
4 
116 
8135612036 
1 
156 
8135612076 
2 
37 
8135611957 
3 
77 
8135611997 
3 
117 
8135612037 
1 
157 
8135612077 
1 
38 
8135611958 
3 
78 
8135611998 
4 
118 
8135612038 
2 
158 
8135612078 
4 
39 
8135611959 
1 
79 
8135611999 
3 
119 
8135612039 
1 
159 
8135612079 
2 
40 
8135611960 
4 
80 
8135612000 
2 
120 
8135612040 
3 
160 
8135612080 
2 
 
