AP EAMCET 2020Agriculture & Medicine Stream 
Preliminary Key for Master Question Paper 
Day-7 (25th Sep 2020) Session-2(AN) 
 
S.No 
Ques ID 
Ans 
S.No 
Ques ID 
Ans 
S.No 
Ques ID 
Ans 
S.No 
Ques ID 
Ans 
1 
8135612081 
2 
41 
8135612121 
3 
81 
8135612161 
1 
121 
8135612201 
1 
2 
8135612082 
2 
42 
8135612122 
4 
82 
8135612162 
1 
122 
8135612202 
3 
3 
8135612083 
2 
43 
8135612123 
4 
83 
8135612163 
2 
123 
8135612203 
3 
4 
8135612084 
1 
44 
8135612124 
2 
84 
8135612164 
1 
124 
8135612204 
2 
5 
8135612085 
1 
45 
8135612125 
4 
85 
8135612165 
2 
125 
8135612205 
1 
6 
8135612086 
3 
46 
8135612126 
3 
86 
8135612166 
1 
126 
8135612206 
1 
7 
8135612087 
2 
47 
8135612127 
2 
87 
8135612167 
2 
127 
8135612207 
2 
8 
8135612088 
4 
48 
8135612128 
3 
88 
8135612168 
2 
128 
8135612208 
3 
9 
8135612089 
3 
49 
8135612129 
4 
89 
8135612169 
2 
129 
8135612209 
4 
10 
8135612090 
2 
50 
8135612130 
1 
90 
8135612170 
1 
130 
8135612210 
1 
11 
8135612091 
4 
51 
8135612131 
1 
91 
8135612171 
4 
131 
8135612211 
2 
12 
8135612092 
1 
52 
8135612132 
2 
92 
8135612172 
2 
132 
8135612212 
3 
13 
8135612093 
1 
53 
8135612133 
1 
93 
8135612173 
4 
133 
8135612213 
2 
14 
8135612094 
1 
54 
8135612134 
3 
94 
8135612174 
3 
134 
8135612214 
1 
15 
8135612095 
1 
55 
8135612135 
1 
95 
8135612175 
2 
135 
8135612215 
4 
16 
8135612096 
2 
56 
8135612136 
2 
96 
8135612176 
4 
136 
8135612216 
3 
17 
8135612097 
1 
57 
8135612137 
3 
97 
8135612177 
3 
137 
8135612217 
4 
18 
8135612098 
3 
58 
8135612138 
2 
98 
8135612178 
2 
138 
8135612218 
3 
19 
8135612099 
2 
59 
8135612139 
4 
99 
8135612179 
1 
139 
8135612219 
2 
20 
8135612100 
4 
60 
8135612140 
1 
100 
8135612180 
3 
140 
8135612220 
3 
21 
8135612101 
3 
61 
8135612141 
3 
101 
8135612181 
4 
141 
8135612221 
4 
22 
8135612102 
2 
62 
8135612142 
2 
102 
8135612182 
4 
142 
8135612222 
1 
23 
8135612103 
2 
63 
8135612143 
3 
103 
8135612183 
1 
143 
8135612223 
2 
24 
8135612104 
4 
64 
8135612144 
3 
104 
8135612184 
4 
144 
8135612224 
3 
25 
8135612105 
3 
65 
8135612145 
4 
105 
8135612185 
1 
145 
8135612225 
3 
26 
8135612106 
1 
66 
8135612146 
1 
106 
8135612186 
2 
146 
8135612226 
1 
27 
8135612107 
1 
67 
8135612147 
3 
107 
8135612187 
2 
147 
8135612227 
4 
28 
8135612108 
1 
68 
8135612148 
2 
108 
8135612188 
3 
148 
8135612228 
2 
29 
8135612109 
2 
69 
8135612149 
4 
109 
8135612189 
4 
149 
8135612229 
3 
30 
8135612110 
3 
70 
8135612150 
2 
110 
8135612190 
1 
150 
8135612230 
3 
31 
8135612111 
3 
71 
8135612151 
1 
111 
8135612191 
2 
151 
8135612231 
3 
32 
8135612112 
2 
72 
8135612152 
3 
112 
8135612192 
2 
152 
8135612232 
2 
33 
8135612113 
2 
73 
8135612153 
1 
113 
8135612193 
1 
153 
8135612233 
3 
34 
8135612114 
2 
74 
8135612154 
3 
114 
8135612194 
1 
154 
8135612234 
3 
35 
8135612115 
2 
75 
8135612155 
4 
115 
8135612195 
3 
155 
8135612235 
1 
36 
8135612116 
3 
76 
8135612156 
2 
116 
8135612196 
4 
156 
8135612236 
4 
37 
8135612117 
1 
77 
8135612157 
4 
117 
8135612197 
3 
157 
8135612237 
2 
38 
8135612118 
2 
78 
8135612158 
1 
118 
8135612198 
3 
158 
8135612238 
4 
39 
8135612119 
2 
79 
8135612159 
1 
119 
8135612199 
1 
159 
8135612239 
4 
40 
8135612120 
3 
80 
8135612160 
2 
120 
8135612200 
4 
160 
8135612240 
4 
 
