Q.No.
Answer
Q.No.
Answer
Q.No.
Answer
Q.No.
Answer
1
1
41
3
81
1
121
3
2
3
42
3
82
1
122
3
3
1
43
4
83
4
123
1
4
2
44
2
84
4
124
2
5
1
45
4
85
1
125
2
6
3
46
4
86
3
126
3
7
3
47
3
87
4
127
4
8
3
48
3
88
3
128
3
9
3
49
2
89
4
129
2
10
3
50
2
90
1
130
1
11
3
51
4
91
4
131
1
12
4
52
2
92
2
132
4
13
2
53
3
93
3
133
4
14
1
54
3
94
1
134
2
15
2
55
3
95
2
135
4
16
4
56
1
96
1
136
1
17
4
57
3
97
2
137
3
18
4
58
2
98
4
138
2
19
2
59
1
99
2
139
1
20
4
60
1
100
2
140
3
21
1
61
1
101
2
141
2
22
1
62
4
102
3
142
2
23
3
63
3
103
2
143
3
24
2
64
2
104
2
144
3
25
2
65
3
105
4
145
4
26
2
66
4
106
1
146
1
27
3
67
1
107
1
147
4
28
4
68
3
108
1
148
1
29
4
69
4
109
4
149
1
30
1
70
4
110
4
150
1
31
1
71
1
111
2
151
4
32
1
72
3
112
2
152
3
33
3
73
1
113
2
153
3
34
2
74
1
114
3
154
2
35
4
75
3
115
3
155
2
36
2
76
4
116
1
156
3
37
1
77
2
117
4
157
2
38
3
78
4
118
2
158
1
39
1
79
3
119
3
159
3
40
1
80
2
120
3
160
2
APEAMCET-2019
Engineering Stream Final Key
Date: 23-04-2019 (Shift-1)
