Q.No.
Answer
Q.No.
Answer
Q.No.
Answer
Q.No.
Answer
1
4
41
1
81
1
121
3
2
2
42
4
82
2
122
2
3
1
43
3
83
3
123
1
4
4
44
1
84
4
124
2
5
2
45
3
85
2
125
3
6
2
46
2
86
1
126
2
7
3
47
3
87
1
127
4
8
3
48
3
88
2
128
1
9
4
49
2
89
3
129
2
10
3
50
2
90
4
130
2
11
3
51
3
91
2
131
3
12
4
52
1
92
3
132
1
13
4
53
1
93
2
133
1
14
4
54
3
94
2
134
3
15
2
55
1
95
3
135
1
16
3
56
3
96
3
136
4
17
1
57
3
97
3
137
2
18
2
58
1
98
1
138
2
19
3
59
4
99
3
139
1
20
4
60
4
100
3
140
4
21
2
61
3
101
2
141
2
22
2
62
2
102
4
142
4
23
3
63
2
103
1
143
1
24
1,2,3,4
64
1
104
1
144
3
25
4
65
1
105
4
145
3
26
2
66
1
106
3
146
2
27
4
67
2
107
4
147
3
28
1
68
2
108
2
148
1
29
3
69
1
109
1
149
4
30
4
70
1
110
1
150
1
31
4
71
1
111
3
151
4
32
4
72
2
112
3
152
1
33
3
73
2
113
3
153
3
34
4
74
3
114
3
154
1
35
3
75
2
115
1
155
3
36
4
76
3
116
1
156
4
37
2
77
1
117
3
157
3
38
4
78
3
118
4
158
2
39
2
79
4
119
1
159
4
40
4
80
2
120
1
160
1
APEAMCET-2019
Engineering Stream Final Key
Date: 22-04-2019 (Shift-1)
