Q.No.
Answer
Q.No.
Answer
Q.No.
Answer
Q.No.
Answer
1
4
41
3
81
3
121
2
2
3
42
4
82
3
122
3
3
1
43
2
83
3
123
1
4
4
44
3
84
3
124
2
5
3
45
1
85
1
125
1,2,3,4
6
2
46
1
86
4
126
3
7
1
47
2
87
1
127
4
8
4
48
1
88
3
128
1
9
2
49
1
89
1
129
2
10
4
50
4
90
4
130
2
11
4
51
2
91
2
131
3
12
1
52
4
92
2
132
3
13
1
53
1
93
3
133
1
14
4
54
2
94
1
134
1
15
4
55
4
95
4
135
3
16
1
56
3
96
4
136
2
17
3
57
3
97
4
137
1
18
2
58
1
98
1
138
2
19
3
59
1
99
4
139
4
20
2
60
1
100
3
140
3
21
1
61
1
101
1
141
1
22
1
62
4
102
2
142
2
23
2
63
4
103
3
143
1
24
1
64
4
104
1
144
3
25
4
65
4
105
2
145
2
26
3
66
3
106
4
146
4
27
3
67
4
107
4
147
3
28
2
68
1
108
1
148
3
29
4
69
4
109
3
149
4
30
3
70
3
110
4
150
3
31
2
71
4
111
4
151
4
32
2
72
1
112
2
152
3
33
2
73
3
113
2
153
2
34
2
74
2
114
4
154
3
35
3
75
4
115
4
155
4
36
4
76
1
116
2
156
1
37
2
77
4
117
3
157
4
38
3
78
1
118
2
158
3
39
1
79
4
119
4
159
3
40
3
80
1
120
1
160
2
APEAMCET-2019
Engineering Stream Final  Key
Date: 20-04-2019 (Shift-1)
