Q.No.
Answer
Q.No.
Answer
Q.No.
Answer
Q.No.
Answer
1
1,4
41
2
81
2
121
1
2
2
42
2
82
4
122
4
3
3
43
4
83
3
123
1
4
1
44
3
84
1
124
3
5
2
45
1
85
2
125
4
6
3
46
3
86
2
126
3
7
1
47
4
87
1
127
4
8
1
48
1
88
2
128
3
9
3
49
1
89
3
129
1
10
3
50
4
90
2
130
2
11
1
51
3
91
1
131
1
12
3
52
2
92
2
132
4
13
3
53
2
93
1
133
2
14
1
54
4
94
2
134
3
15
1
55
2
95
2
135
2
16
2
56
1
96
2
136
1
17
2
57
2
97
4
137
4
18
4
58
3
98
2
138
1
19
3
59
1
99
2
139
4
20
3
60
2
100
1
140
1,2,3,4
21
3
61
3
101
3
141
2
22
3
62
4
102
3
142
4
23
3
63
1
103
4
143
3
24
2
64
1
104
4
144
3
25
3
65
3
105
1
145
3
26
4
66
4
106
1
146
4
27
2
67
1
107
4
147
2
28
4
68
3
108
4
148
3
29
4
69
2
109
3
149
2
30
2
70
1
110
1
150
3
31
2
71
3
111
3
151
2
32
2
72
2
112
4
152
1
33
1
73
1
113
2
153
1
34
3
74
1
114
4
154
3
35
2
75
4
115
2
155
2
36
2
76
3
116
4
156
2
37
2
77
4
117
2
157
1
38
2
78
2
118
4
158
3
39
1
79
1
119
3
159
2
40
4
80
1
120
2
160
1
APEAMCET-2019
Engineering Stream Final Key
Date: 21-04-2019 (Shift-1)
