AP EAMCET 2020 Agriculture & Medicine Stream 
Preliminary Key for Master Question Paper 
Day-6 (24th Sep 2020) Session-2 (AN) 
 
S.No 
Ques ID 
Ans 
S.No 
Ques ID 
Ans 
S.No 
Ques ID 
Ans 
S.No 
Ques ID 
Ans 
1 
8135611761 
2 
41 
8135611801 
1 
81 
8135611841 
3 
121 
8135611881 
2 
2 
8135611762 
1 
42 
8135611802 
2 
82 
8135611842 
4 
122 
8135611882 
4 
3 
8135611763 
3 
43 
8135611803 
4 
83 
8135611843 
3 
123 
8135611883 
4 
4 
8135611764 
2 
44 
8135611804 
3 
84 
8135611844 
2 
124 
8135611884 
2 
5 
8135611765 
3 
45 
8135611805 
4 
85 
8135611845 
2 
125 
8135611885 
4 
6 
8135611766 
2 
46 
8135611806 
1 
86 
8135611846 
4 
126 
8135611886 
2 
7 
8135611767 
1 
47 
8135611807 
1 
87 
8135611847 
3 
127 
8135611887 
4 
8 
8135611768 
2 
48 
8135611808 
2 
88 
8135611848 
2 
128 
8135611888 
1 
9 
8135611769 
4 
49 
8135611809 
1 
89 
8135611849 
3 
129 
8135611889 
1 
10 
8135611770 
1 
50 
8135611810 
4 
90 
8135611850 
2 
130 
8135611890 
4 
11 
8135611771 
1 
51 
8135611811 
3 
91 
8135611851 
2 
131 
8135611891 
1 
12 
8135611772 
1 
52 
8135611812 
4 
92 
8135611852 
1 
132 
8135611892 
4 
13 
8135611773 
2 
53 
8135611813 
1 
93 
8135611853 
1 
133 
8135611893 
3 
14 
8135611774 
3 
54 
8135611814 
3 
94 
8135611854 
3 
134 
8135611894 
1 
15 
8135611775 
3 
55 
8135611815 
3 
95 
8135611855 
4 
135 
8135611895 
1 
16 
8135611776 
1 
56 
8135611816 
4 
96 
8135611856 
4 
136 
8135611896 
3 
17 
8135611777 
1 
57 
8135611817 
2 
97 
8135611857 
1 
137 
8135611897 
1 
18 
8135611778 
4 
58 
8135611818 
1 
98 
8135611858 
3 
138 
8135611898 
3 
19 
8135611779 
4 
59 
8135611819 
3 
99 
8135611859 
2 
139 
8135611899 
3 
20 
8135611780 
1 
60 
8135611820 
2 
100 
8135611860 
4 
140 
8135611900 
2 
21 
8135611781 
1 
61 
8135611821 
4 
101 
8135611861 
3 
141 
8135611901 
3 
22 
8135611782 
3 
62 
8135611822 
2 
102 
8135611862 
2 
142 
8135611902 
2 
23 
8135611783 
3 
63 
8135611823 
1 
103 
8135611863 
3 
143 
8135611903 
2 
24 
8135611784 
2 
64 
8135611824 
2 
104 
8135611864 
4 
144 
8135611904 
2 
25 
8135611785 
2 
65 
8135611825 
2 
105 
8135611865 
3 
145 
8135611905 
3 
26 
8135611786 
3 
66 
8135611826 
4 
106 
8135611866 
2 
146 
8135611906 
3 
27 
8135611787 
1 
67 
8135611827 
1 
107 
8135611867 
1 
147 
8135611907 
4 
28 
8135611788 
1 
68 
8135611828 
4 
108 
8135611868 
3 
148 
8135611908 
4 
29 
8135611789 
2 
69 
8135611829 
2 
109 
8135611869 
2 
149 
8135611909 
3 
30 
8135611790 
2 
70 
8135611830 
4 
110 
8135611870 
1 
150 
8135611910 
2 
31 
8135611791 
4 
71 
8135611831 
3 
111 
8135611871 
4 
151 
8135611911 
1 
32 
8135611792 
2 
72 
8135611832 
2 
112 
8135611872 
3 
152 
8135611912 
1 
33 
8135611793 
3 
73 
8135611833 
4 
113 
8135611873 
2 
153 
8135611913 
4 
34 
8135611794 
2 
74 
8135611834 
4 
114 
8135611874 
4 
154 
8135611914 
4 
35 
8135611795 
1 
75 
8135611835 
2 
115 
8135611875 
1 
155 
8135611915 
4 
36 
8135611796 
4 
76 
8135611836 
1 
116 
8135611876 
1 
156 
8135611916 
4 
37 
8135611797 
4 
77 
8135611837 
4 
117 
8135611877 
3 
157 
8135611917 
1 
38 
8135611798 
2 
78 
8135611838 
3 
118 
8135611878 
3 
158 
8135611918 
4 
39 
8135611799 
2 
79 
8135611839 
2 
119 
8135611879 
3 
159 
8135611919 
1 
40 
8135611800 
4 
80 
8135611840 
1 
120 
8135611880 
1 
160 
8135611920 
3 
 
