AP EAMCET 2020 Engineering Stream 
Preliminary Key for Master Question Paper 
Day-5 (23rd Sep 2020) Session-1 (FN) 
 
S.No 
Ques ID 
Ans 
S.No 
Ques ID 
Ans 
S.No 
Ques ID 
Ans 
S.No 
Ques ID 
Ans 
1 
8135611281 
3 
41 
8135611321 
3 
81 
8135611361 
4 
121 
8135611401 
4 
2 
8135611282 
4 
42 
8135611322 
1 
82 
8135611362 
2 
122 
8135611402 
1 
3 
8135611283 
3 
43 
8135611323 
4 
83 
8135611363 
4 
123 
8135611403 
3 
4 
8135611284 
2 
44 
8135611324 
1 
84 
8135611364 
1 
124 
8135611404 
2 
5 
8135611285 
3 
45 
8135611325 
4 
85 
8135611365 
2 
125 
8135611405 
2 
6 
8135611286 
3 
46 
8135611326 
3 
86 
8135611366 
4 
126 
8135611406 
3 
7 
8135611287 
1 
47 
8135611327 
3 
87 
8135611367 
1 
127 
8135611407 
1 
8 
8135611288 
3 
48 
8135611328 
1 
88 
8135611368 
2 
128 
8135611408 
3 
9 
8135611289 
1 
49 
8135611329 
1 
89 
8135611369 
3 
129 
8135611409 
4 
10 
8135611290 
4 
50 
8135611330 
3 
90 
8135611370 
4 
130 
8135611410 
1 
11 
8135611291 
2 
51 
8135611331 
1 
91 
8135611371 
1 
131 
8135611411 
1 
12 
8135611292 
1 
52 
8135611332 
2 
92 
8135611372 
1 
132 
8135611412 
4 
13 
8135611293 
2 
53 
8135611333 
2 
93 
8135611373 
2 
133 
8135611413 
1 
14 
8135611294 
3 
54 
8135611334 
2 
94 
8135611374 
1 
134 
8135611414 
3 
15 
8135611295 
2 
55 
8135611335 
3 
95 
8135611375 
1 
135 
8135611415 
3 
16 
8135611296 
2 
56 
8135611336 
3 
96 
8135611376 
2 
136 
8135611416 
3 
17 
8135611297 
4 
57 
8135611337 
4 
97 
8135611377 
1 
137 
8135611417 
3 
18 
8135611298 
3 
58 
8135611338 
1 
98 
8135611378 
1 
138 
8135611418 
3 
19 
8135611299 
1 
59 
8135611339 
1 
99 
8135611379 
3 
139 
8135611419 
1 
20 
8135611300 
2 
60 
8135611340 
4 
100 
8135611380 
1 
140 
8135611420 
1 
21 
8135611301 
2 
61 
8135611341 
3 
101 
8135611381 
2 
141 
8135611421 
2 
22 
8135611302 
3 
62 
8135611342 
3 
102 
8135611382 
4 
142 
8135611422 
2 
23 
8135611303 
2 
63 
8135611343 
2 
103 
8135611383 
1 
143 
8135611423 
2 
24 
8135611304 
1 
64 
8135611344 
3 
104 
8135611384 
3 
144 
8135611424 
1 
25 
8135611305 
2 
65 
8135611345 
3 
105 
8135611385 
3 
145 
8135611425 
3 
26 
8135611306 
2 
66 
8135611346 
1 
106 
8135611386 
4 
146 
8135611426 
4 
27 
8135611307 
3 
67 
8135611347 
3 
107 
8135611387 
3 
147 
8135611427 
2 
28 
8135611308 
1 
68 
8135611348 
2 
108 
8135611388 
1 
148 
8135611428 
2 
29 
8135611309 
3 
69 
8135611349 
3 
109 
8135611389 
2 
149 
8135611429 
3 
30 
8135611310 
2 
70 
8135611350 
4 
110 
8135611390 
1 
150 
8135611430 
4 
31 
8135611311 
1 
71 
8135611351 
2 
111 
8135611391 
2 
151 
8135611431 
2 
32 
8135611312 
1 
72 
8135611352 
2 
112 
8135611392 
1 
152 
8135611432 
2 
33 
8135611313 
3 
73 
8135611353 
3 
113 
8135611393 
2 
153 
8135611433 
1 
34 
8135611314 
2 
74 
8135611354 
3 
114 
8135611394 
1 
154 
8135611434 
3 
35 
8135611315 
1 
75 
8135611355 
3 
115 
8135611395 
2 
155 
8135611435 
1 
36 
8135611316 
3 
76 
8135611356 
2 
116 
8135611396 
1 
156 
8135611436 
4 
37 
8135611317 
2 
77 
8135611357 
1 
117 
8135611397 
2 
157 
8135611437 
3 
38 
8135611318 
1 
78 
8135611358 
4 
118 
8135611398 
1 
158 
8135611438 
3 
39 
8135611319 
2 
79 
8135611359 
3 
119 
8135611399 
3 
159 
8135611439 
1 
40 
8135611320 
2 
80 
8135611360 
1 
120 
8135611400 
4 
160 
8135611440 
4 
 
